%PSY IN%
[BContrasts]
1  1 -2 Ts vs C
1 -1  0 T1 vs T2 
[WContrasts]
3 -1 -1 -1 Pre vs rest
0  2 -1 -1 Post vs FUs
0  0  1 -1 FU1 vs FU2
[Data]
1 22 37 34 31
1 18 31 28 31
1 21 29 28 26
1  9 32 31 28
1 13 28 28 27
1 15 36 20 25
1 13 22 34 27
1 14 25 23 26
1 10 27 25 22
1  5 23 19 17
2 25 41 29 25
2 20 28 26 22
2 17 29 21 25
2 17 27 18 22
2 22 25 19 15
2 11 33 23 19
2 13 25 19 23
2 16 24 15 21
2 11 27 20 14
2  8 21 10 14
3 25 23 25 23
3 19 19 18 16
3 16 16 18 18
3 18 18 16 12
3 12 14 20 14
3 16 14 12 18
3 15 19 13  9
3 12  8 16 16
3  9 11 13  7
3  8  8  9  7
